   0.0000000e+00   3.1000000e+02   2.8000000e+02   1.0000000e+02   4.0000000e-01   3.5000000e+02   3.6825000e+02   8.0000000e-01
   1.0000000e-02   3.6000000e+02   3.2200000e+02   1.0000000e+02   4.0000000e-01   3.5000000e+02   3.6842345e+02   7.9994104e-01
   2.0000000e-02   3.6000000e+02   3.2200000e+02   1.0000000e+02   4.0000000e-01   3.5000000e+02   3.6859680e+02   7.9975617e-01
   3.0000000e-02   3.6000000e+02   3.2200000e+02   1.0000000e+02   4.0000000e-01   3.5000000e+02   3.6877007e+02   7.9944744e-01
   4.0000000e-02   3.6000000e+02   3.2200000e+02   1.0000000e+02   4.0000000e-01   3.5000000e+02   3.6894326e+02   7.9901686e-01
   5.0000000e-02   3.6000000e+02   3.2200000e+02   1.0000000e+02   4.0000000e-01   3.5000000e+02   3.6911634e+02   7.9846644e-01
   6.0000000e-02   3.6000000e+02   3.2200000e+02   1.0000000e+02   4.0000000e-01   3.5000000e+02   3.6928917e+02   7.9779830e-01
   7.0000000e-02   3.6000000e+02   3.2200000e+02   1.0000000e+02   4.0000000e-01   3.5000000e+02   3.6946213e+02   7.9701449e-01
   8.0000000e-02   3.6000000e+02   3.2200000e+02   1.0000000e+02   4.0000000e-01   3.5000000e+02   3.6963524e+02   7.9611674e-01
   9.0000000e-02   3.6000000e+02   3.2200000e+02   1.0000000e+02   4.0000000e-01   3.5000000e+02   3.6980787e+02   7.9510723e-01
   1.0000000e-01   3.6000000e+02   3.2200000e+02   1.0000000e+02   4.0000000e-01   3.5000000e+02   3.6998063e+02   7.9398788e-01
   1.1000000e-01   3.6000000e+02   3.2200000e+02   1.0000000e+02   4.0000000e-01   3.5000000e+02   3.7015275e+02   7.9276119e-01
   1.2000000e-01   3.6000000e+02   3.2200000e+02   1.0000000e+02   4.0000000e-01   3.5000000e+02   3.7032470e+02   7.9142908e-01
   1.3000000e-01   3.6000000e+02   3.2200000e+02   1.0000000e+02   4.0000000e-01   3.5000000e+02   3.7049646e+02   7.8999385e-01
   1.4000000e-01   3.6000000e+02   3.2200000e+02   1.0000000e+02   4.0000000e-01   3.5000000e+02   3.7066812e+02   7.8845747e-01
   1.5000000e-01   3.6000000e+02   3.2200000e+02   1.0000000e+02   4.0000000e-01   3.5000000e+02   3.7083960e+02   7.8682216e-01
   1.6000000e-01   3.6000000e+02   3.2200000e+02   1.0000000e+02   4.0000000e-01   3.5000000e+02   3.7101093e+02   7.8508979e-01
   1.7000000e-01   3.6000000e+02   3.2200000e+02   1.0000000e+02   4.0000000e-01   3.5000000e+02   3.7118199e+02   7.8326241e-01
   1.8000000e-01   3.6000000e+02   3.2200000e+02   1.0000000e+02   4.0000000e-01   3.5000000e+02   3.7135265e+02   7.8134247e-01
   1.9000000e-01   3.6000000e+02   3.2200000e+02   1.0000000e+02   4.0000000e-01   3.5000000e+02   3.7152226e+02   7.7933246e-01
   2.0000000e-01   3.6000000e+02   3.2200000e+02   1.0000000e+02   4.0000000e-01   3.5000000e+02   3.7169266e+02   7.7723416e-01
   2.1000000e-01   3.6000000e+02   3.2200000e+02   1.0000000e+02   4.0000000e-01   3.5000000e+02   3.7186296e+02   7.7504934e-01
   2.2000000e-01   3.6000000e+02   3.2200000e+02   1.0000000e+02   4.0000000e-01   3.5000000e+02   3.7203275e+02   7.7278017e-01
   2.3000000e-01   3.6000000e+02   3.2200000e+02   1.0000000e+02   4.0000000e-01   3.5000000e+02   3.7220169e+02   7.7042923e-01
   2.4000000e-01   3.6000000e+02   3.2200000e+02   1.0000000e+02   4.0000000e-01   3.5000000e+02   3.7237089e+02   7.6799843e-01
   2.5000000e-01   3.6000000e+02   3.2200000e+02   1.0000000e+02   4.0000000e-01   3.5000000e+02   3.7254007e+02   7.6548958e-01
   2.6000000e-01   3.6000000e+02   3.2200000e+02   1.0000000e+02   4.0000000e-01   3.5000000e+02   3.7270828e+02   7.6290507e-01
   2.7000000e-01   3.6000000e+02   3.2200000e+02   1.0000000e+02   4.0000000e-01   3.5000000e+02   3.7287596e+02   7.6024741e-01
   2.8000000e-01   3.6000000e+02   3.2200000e+02   1.0000000e+02   4.0000000e-01   3.5000000e+02   3.7304344e+02   7.5751873e-01
   2.9000000e-01   3.6000000e+02   3.2200000e+02   1.0000000e+02   4.0000000e-01   3.5000000e+02   3.7320985e+02   7.5472116e-01
   3.0000000e-01   3.6000000e+02   3.2200000e+02   1.0000000e+02   4.0000000e-01   3.5000000e+02   3.7337684e+02   7.5185683e-01
   3.1000000e-01   3.6000000e+02   3.2200000e+02   1.0000000e+02   4.0000000e-01   3.5000000e+02   3.7354164e+02   7.4892862e-01
   3.2000000e-01   3.6000000e+02   3.2200000e+02   1.0000000e+02   4.0000000e-01   3.5000000e+02   3.7370684e+02   7.4593880e-01
   3.3000000e-01   3.6000000e+02   3.2200000e+02   1.0000000e+02   4.0000000e-01   3.5000000e+02   3.7387227e+02   7.4288870e-01
   3.4000000e-01   3.6000000e+02   3.2200000e+02   1.0000000e+02   4.0000000e-01   3.5000000e+02   3.7403575e+02   7.3978086e-01
   3.5000000e-01   3.6000000e+02   3.2200000e+02   1.0000000e+02   4.0000000e-01   3.5000000e+02   3.7419980e+02   7.3661722e-01
   3.6000000e-01   3.6000000e+02   3.2200000e+02   1.0000000e+02   4.0000000e-01   3.5000000e+02   3.7436220e+02   7.3340087e-01
   3.7000000e-01   3.6000000e+02   3.2200000e+02   1.0000000e+02   4.0000000e-01   3.5000000e+02   3.7452582e+02   7.3013277e-01
   3.8000000e-01   3.6000000e+02   3.2200000e+02   1.0000000e+02   4.0000000e-01   3.5000000e+02   3.7469022e+02   7.2681420e-01
   3.9000000e-01   3.6000000e+02   3.2200000e+02   1.0000000e+02   4.0000000e-01   3.5000000e+02   3.7485354e+02   7.2344711e-01
   4.0000000e-01   3.6000000e+02   3.2200000e+02   1.0000000e+02   4.0000000e-01   3.5000000e+02   3.7501481e+02   7.2003394e-01
   4.1000000e-01   3.6000000e+02   3.2200000e+02   1.0000000e+02   4.0000000e-01   3.5000000e+02   3.7517329e+02   7.1657902e-01
   4.2000000e-01   3.6000000e+02   3.2200000e+02   1.0000000e+02   4.0000000e-01   3.5000000e+02   3.7533257e+02   7.1308456e-01
   4.3000000e-01   3.6000000e+02   3.2200000e+02   1.0000000e+02   4.0000000e-01   3.5000000e+02   3.7549133e+02   7.0955167e-01
   4.4000000e-01   3.6000000e+02   3.2200000e+02   1.0000000e+02   4.0000000e-01   3.5000000e+02   3.7564924e+02   7.0598295e-01
   4.5000000e-01   3.6000000e+02   3.2200000e+02   1.0000000e+02   4.0000000e-01   3.5000000e+02   3.7580623e+02   7.0238035e-01
   4.6000000e-01   3.6000000e+02   3.2200000e+02   1.0000000e+02   4.0000000e-01   3.5000000e+02   3.7596262e+02   6.9874649e-01
   4.7000000e-01   3.6000000e+02   3.2200000e+02   1.0000000e+02   4.0000000e-01   3.5000000e+02   3.7611964e+02   6.9508262e-01
   4.8000000e-01   3.6000000e+02   3.2200000e+02   1.0000000e+02   4.0000000e-01   3.5000000e+02   3.7627591e+02   6.9138940e-01
   4.9000000e-01   3.6000000e+02   3.2200000e+02   1.0000000e+02   4.0000000e-01   3.5000000e+02   3.7643126e+02   6.8766949e-01
   5.0000000e-01   3.6000000e+02   3.2200000e+02   1.0000000e+02   4.0000000e-01   3.5000000e+02   3.7658401e+02   6.8392564e-01
   5.1000000e-01   3.6000000e+02   3.2200000e+02   1.0000000e+02   4.0000000e-01   3.5000000e+02   3.7673868e+02   6.8015987e-01
   5.2000000e-01   3.6000000e+02   3.2200000e+02   1.0000000e+02   4.0000000e-01   3.5000000e+02   3.7688925e+02   6.7637468e-01
   5.3000000e-01   3.6000000e+02   3.2200000e+02   1.0000000e+02   4.0000000e-01   3.5000000e+02   3.7704099e+02   6.7257100e-01
   5.4000000e-01   3.6000000e+02   3.2200000e+02   1.0000000e+02   4.0000000e-01   3.5000000e+02   3.7719279e+02   6.6875041e-01
   5.5000000e-01   3.6000000e+02   3.2200000e+02   1.0000000e+02   4.0000000e-01   3.5000000e+02   3.7734454e+02   6.6491415e-01
   5.6000000e-01   3.6000000e+02   3.2200000e+02   1.0000000e+02   4.0000000e-01   3.5000000e+02   3.7749573e+02   6.6106279e-01
   5.7000000e-01   3.6000000e+02   3.2200000e+02   1.0000000e+02   4.0000000e-01   3.5000000e+02   3.7764231e+02   6.5720108e-01
   5.8000000e-01   3.6000000e+02   3.2200000e+02   1.0000000e+02   4.0000000e-01   3.5000000e+02   3.7779028e+02   6.5333148e-01
   5.9000000e-01   3.6000000e+02   3.2200000e+02   1.0000000e+02   4.0000000e-01   3.5000000e+02   3.7793730e+02   6.4945354e-01
   6.0000000e-01   3.6000000e+02   3.2200000e+02   1.0000000e+02   4.0000000e-01   3.5000000e+02   3.7808377e+02   6.4556983e-01
   6.1000000e-01   3.6000000e+02   3.2200000e+02   1.0000000e+02   4.0000000e-01   3.5000000e+02   3.7822897e+02   6.4168169e-01
   6.2000000e-01   3.6000000e+02   3.2200000e+02   1.0000000e+02   4.0000000e-01   3.5000000e+02   3.7837643e+02   6.3779009e-01
   6.3000000e-01   3.6000000e+02   3.2200000e+02   1.0000000e+02   4.0000000e-01   3.5000000e+02   3.7851928e+02   6.3389576e-01
   6.4000000e-01   3.6000000e+02   3.2200000e+02   1.0000000e+02   4.0000000e-01   3.5000000e+02   3.7866270e+02   6.3000210e-01
   6.5000000e-01   3.6000000e+02   3.2200000e+02   1.0000000e+02   4.0000000e-01   3.5000000e+02   3.7880032e+02   6.2611290e-01
   6.6000000e-01   3.6000000e+02   3.2200000e+02   1.0000000e+02   4.0000000e-01   3.5000000e+02   3.7894014e+02   6.2222986e-01
   6.7000000e-01   3.6000000e+02   3.2200000e+02   1.0000000e+02   4.0000000e-01   3.5000000e+02   3.7908384e+02   6.1835085e-01
   6.8000000e-01   3.6000000e+02   3.2200000e+02   1.0000000e+02   4.0000000e-01   3.5000000e+02   3.7922156e+02   6.1447763e-01
   6.9000000e-01   3.6000000e+02   3.2200000e+02   1.0000000e+02   4.0000000e-01   3.5000000e+02   3.7935886e+02   6.1061335e-01
   7.0000000e-01   3.6000000e+02   3.2200000e+02   1.0000000e+02   4.0000000e-01   3.5000000e+02   3.7949328e+02   6.0675950e-01
   7.1000000e-01   3.6000000e+02   3.2200000e+02   1.0000000e+02   4.0000000e-01   3.5000000e+02   3.7962973e+02   6.0291821e-01
   7.2000000e-01   3.6000000e+02   3.2200000e+02   1.0000000e+02   4.0000000e-01   3.5000000e+02   3.7976373e+02   5.9908996e-01
   7.3000000e-01   3.6000000e+02   3.2200000e+02   1.0000000e+02   4.0000000e-01   3.5000000e+02   3.7989824e+02   5.9527493e-01
   7.4000000e-01   3.6000000e+02   3.2200000e+02   1.0000000e+02   4.0000000e-01   3.5000000e+02   3.8003105e+02   5.9147495e-01
   7.5000000e-01   3.6000000e+02   3.2200000e+02   1.0000000e+02   4.0000000e-01   3.5000000e+02   3.8016403e+02   5.8769000e-01
   7.6000000e-01   3.6000000e+02   3.2200000e+02   1.0000000e+02   4.0000000e-01   3.5000000e+02   3.8029627e+02   5.8392098e-01
   7.7000000e-01   3.6000000e+02   3.2200000e+02   1.0000000e+02   4.0000000e-01   3.5000000e+02   3.8042507e+02   5.8017022e-01
   7.8000000e-01   3.6000000e+02   3.2200000e+02   1.0000000e+02   4.0000000e-01   3.5000000e+02   3.8055487e+02   5.7643986e-01
   7.9000000e-01   3.6000000e+02   3.2200000e+02   1.0000000e+02   4.0000000e-01   3.5000000e+02   3.8068411e+02   5.7272909e-01
   8.0000000e-01   3.6000000e+02   3.2200000e+02   1.0000000e+02   4.0000000e-01   3.5000000e+02   3.8081145e+02   5.6903892e-01
   8.1000000e-01   3.6000000e+02   3.2200000e+02   1.0000000e+02   4.0000000e-01   3.5000000e+02   3.8093892e+02   5.6536907e-01
   8.2000000e-01   3.6000000e+02   3.2200000e+02   1.0000000e+02   4.0000000e-01   3.5000000e+02   3.8106366e+02   5.6172240e-01
   8.3000000e-01   3.6000000e+02   3.2200000e+02   1.0000000e+02   4.0000000e-01   3.5000000e+02   3.8118750e+02   5.5809948e-01
   8.4000000e-01   3.6000000e+02   3.2200000e+02   1.0000000e+02   4.0000000e-01   3.5000000e+02   3.8131090e+02   5.5450242e-01
   8.5000000e-01   3.6000000e+02   3.2200000e+02   1.0000000e+02   4.0000000e-01   3.5000000e+02   3.8142768e+02   5.5093385e-01
   8.6000000e-01   3.6000000e+02   3.2200000e+02   1.0000000e+02   4.0000000e-01   3.5000000e+02   3.8154849e+02   5.4739437e-01
   8.7000000e-01   3.6000000e+02   3.2200000e+02   1.0000000e+02   4.0000000e-01   3.5000000e+02   3.8166843e+02   5.4388250e-01
