T = 0.5; f = 10; Fs=1000; noise_amplitude = 0.01; ramp_slope = -1;
 [0.0190482847539446 0.0327333333333333 0.00780459352032391 0.00533333333333333][0.0190482847539446 0.0327333333333333 0.00780459352032391 0.00533333333333333][0.0148996327936241 0.004 0.021653662056202 0.023][0.0228510008982815 0.0125333333333333 0.0121722236739743 0.00546666666666667][0.0174747659040352 0.0294 0.0190676681087079 0.00486666666666667][0.0129620385456969 0.0095 0.0109307889553488 0.00515][0.0147826812984417 0.0029 0.0105192954551825 0.00465]
T = 1; f = 10; Fs=1000; noise_amplitude = 0.01; ramp_slope = -1;
[0.0122294362764434 0.0225 0.0115725630091583 0.00495][0.0152743195549374 0.061925 0.0117085543063939 0.005125][0.0123594485142902 0.00675 0.0100493663310768 0.005][0.0112775546150549 0.022625 0.0091802248031658 0.004925]
T = 1; f = 20; Fs=1000; noise_amplitude = 0.01; ramp_slope = -1;
[0.00851256462592146 0.0312 0.00625489128410393 0.005325][0.00631791630636607 0.02745 0.00734691714584116 0.005][0.00751823510732797 0.0153 0.00682797653100696 0.0102][0.00658853444932025 0.0238 0.00776485401362238 0.01505]
T = 1; f = 30; Fs=1000; noise_amplitude = 0.01; ramp_slope = -1;
[0.00585354808537921 0.0377 0.00655014570584974 0.01595][0.00522182667391317 0.0251 0.00609680646414022 0.016675][0.00650122932631987 0.025625 0.00647056672150917 0.014975][0.00488583975797631 0.052425 0.00616803832948457 0.008325]
T = 1; f = 40; Fs=1000; noise_amplitude = 0.01; ramp_slope = -1;
[0.00531228670869094 0.0226 0.0063415068673948 0.0099][0.00585079421283821 0.025675 0.00568989801303794 0.010225][0.00526295949959887 0.019625 0.00539628273179331 0.01245][0.0057194132026436 0.0311 0.00615408955437818 0.007525][0.0057148763000573 0.033575 0.00594415781661113 0.00985]
T = 1; f = 25; Fs=1000; noise_amplitude = 0.01; ramp_slope = -1;
[0.00639378516329186 0.053 0.00603312570890416 0.004775][0.00678307292725086 0.015925 0.0071089088106356 0.01305]
T = 1; f = 25; Fs=1000; noise_amplitude = 0.01; ramp_slope = -2;
[0.00824283865912609 0.036225 0.00875540982804412 0.03125][0.00632242808269798 0.045525 0.00574157824519598 0.036825][0.0078970235936128 0.080975 0.00680365279862444 0.011225][0.00939491507954647 0.061375 0.0077449713681439 0.01925]
T = 1; f = 20; Fs=1000; noise_amplitude = 0.01; ramp_slope = -3;
[0.00978626890908265 0.093075 0.00834728461176931 0.024925][0.00917952301056759 0.128575 0.00952853896866199 0.0542][0.00823055678615604 0.143375 0.00833999255014239 0.061975][0.00905476408457235 0.10835 0.0103426147377565 0.0522][0.00844858535638399 0.0251 0.00646658368189116 0.02095][0.0125549719219416 1.44755 0.00832898868396516 0.0088][0.00495115797602554 0.005 0.00532472802416047 0.005][0.00503108400911171 0.00495 0.0049858718233696 0.005][0.00463307636427524 0.005 0.00483388244459885 0.005]